01,02 02,02 02,01 02,02 01,02 09,06 10,04 09,08 01,02 01,02 02,02 02,01 11,10 03,00 04,00 03,02 03,03 11,12 02,01 02,01 02,02 02,02 09,00 10,04 09,02 01,02 02,02 02,01 01,02 02,02
02,02 01,02 02,02 01,02 02,02 10,06 10,04 10,08 01,02 01,02 02,02 02,01 12,10 03,03 03,01 03,03 03,02 11,12 01,02 01,02 01,02 01,02 10,00 10,04 10,02 02,01 02,01 01,02 01,02 02,01
01,02 02,02 02,02 01,02 11,05 11,06 10,04 11,08 02,01 02,02 02,02 01,02 12,10 04,02 04,03 04,02 04,03 12,12 02,02 02,02 02,01 02,01 11,00 10,04 11,02 11,03 02,02 01,02 02,01 02,02
02,01 02,02 01,02 11,05 12,05 00,00 12,07 12,08 02,01 02,02 01,02 02,02 11,10 04,03 03,03 03,02 03,02 12,12 01,02 01,02 02,02 01,02 12,00 12,01 00,00 12,03 11,03 02,01 01,02 02,01
12,04 12,04 12,04 12,05 00,00 14,05 13,07 01,02 01,02 01,02 02,01 02,02 12,10 04,03 04,00 04,03 04,02 11,12 02,02 02,02 02,02 02,02 02,01 13,01 13,02 00,00 12,03 12,04 12,04 12,04
00,00 00,00 00,00 00,00 14,05 14,06 02,01 02,01 02,02 02,01 02,02 14,12 14,13 03,00 03,01 03,01 04,02 14,08 14,09 01,02 01,02 01,02 02,01 02,01 14,02 14,03 00,00 00,00 00,00 00,00
10,04 10,04 10,04 14,05 14,06 02,01 02,02 02,02 01,02 01,02 14,12 14,13 03,02 03,03 03,02 03,03 03,02 03,03 14,08 13,08 02,01 02,01 02,01 02,01 02,01 15,03 14,03 10,04 10,04 10,04
15,04 15,04 15,04 15,05 01,02 02,01 02,01 02,02 02,02 13,13 14,13 04,02 04,03 04,02 04,03 04,02 04,03 04,02 04,03 14,08 14,09 01,02 01,02 01,02 01,02 01,02 15,03 15,04 15,04 15,04
01,02 01,02 02,02 02,02 02,01 02,01 01,02 02,02 13,13 14,13 03,02 03,03 03,03 03,03 03,02 04,00 04,00 03,02 03,02 03,03 14,08 13,08 02,02 02,01 02,01 02,01 02,01 02,01 02,02 02,02
02,02 02,01 02,01 02,02 02,02 01,02 01,02 14,12 14,13 03,00 03,01 03,03 04,03 04,02 04,03 03,02 03,03 03,02 04,00 03,00 03,03 14,08 13,08 01,02 01,02 02,01 02,02 02,02 01,02 02,01
01,02 01,02 02,02 02,02 02,01 01,02 14,12 14,13 03,01 03,02 03,03 04,00 04,02 04,03 03,03 03,03 03,02 03,01 03,00 03,03 03,02 03,03 14,08 14,09 01,02 02,02 02,02 01,02 02,01 02,01
02,01 02,02 01,02 02,02 02,01 13,13 14,13 03,03 03,02 04,02 04,00 04,02 03,03 03,02 03,03 03,02 03,03 03,02 03,02 03,03 03,02 03,03 03,02 14,08 14,09 02,01 01,02 02,02 02,02 01,02
15,10 15,11 15,10 15,10 15,11 14,13 03,03 03,02 04,03 04,02 04,03 04,03 04,03 04,02 03,03 03,03 03,02 03,03 03,02 03,03 03,01 03,03 03,02 03,02 14,08 15,10 15,10 15,11 15,11 15,10
03,03 03,00 03,00 03,02 03,02 03,02 03,03 03,02 03,00 04,00 04,02 04,03 04,02 04,03 03,01 03,03 04,02 04,03 03,03 03,02 03,03 03,02 03,02 03,02 03,03 04,02 04,03 03,03 04,02 04,03
03,02 03,03 04,02 04,03 04,03 04,02 03,03 03,02 03,02 03,02 03,03 04,02 04,03 04,00 03,00 03,03 03,03 04,02 04,02 04,03 04,03 04,02 03,03 03,02 03,02 03,03 03,02 03,03 04,02 03,03
03,02 03,02 04,00 04,02 04,03 04,03 04,02 03,02 03,03 03,00 03,03 03,02 04,02 04,03 04,02 04,02 03,02 03,03 04,03 04,02 03,02 03,02 03,01 03,02 03,03 03,03 03,02 04,03 04,02 04,03
04,02 04,03 04,03 03,03 03,00 03,02 04,02 03,02 03,03 04,02 04,00 03,02 03,02 03,02 03,03 03,02 03,02 03,02 03,03 03,02 04,03 04,02 03,03 03,03 03,02 03,01 04,00 03,03 04,02 03,02
00,02 00,03 00,02 00,02 00,03 01,05 03,02 03,03 04,00 03,02 03,02 04,02 04,03 04,02 03,00 03,03 03,02 03,02 04,02 04,03 04,03 04,02 03,02 03,02 01,00 00,02 00,03 00,02 00,03 00,02
02,01 02,02 01,02 01,02 02,02 01,04 01,05 04,02 04,03 03,02 04,02 04,03 04,02 04,00 03,01 03,02 03,03 03,02 03,03 03,02 03,03 04,02 04,03 01,00 02,00 02,01 01,02 01,02 02,01 02,01
02,01 02,01 02,01 02,01 02,01 01,02 02,05 01,05 03,02 03,03 03,02 04,02 04,03 04,03 04,02 04,02 04,00 03,03 03,02 04,02 04,00 03,01 01,00 02,00 02,01 01,02 02,02 02,02 02,02 02,02
01,02 01,02 01,02 02,02 02,02 02,02 01,02 01,04 01,05 03,02 03,03 04,02 04,02 04,02 03,01 03,03 03,02 04,03 04,02 04,03 04,02 01,00 01,01 02,01 02,02 02,02 01,02 02,01 02,02 01,02
01,02 02,02 02,01 02,01 02,01 02,02 01,02 02,01 01,04 01,05 04,02 03,03 03,02 03,03 04,02 03,03 04,03 04,00 03,02 04,03 01,00 01,01 02,01 02,02 01,02 01,02 01,02 02,02 02,02 02,01
05,04 05,04 05,04 05,05 01,02 01,02 02,02 02,01 02,02 02,05 01,05 03,02 03,00 04,02 04,03 04,02 03,03 03,02 03,00 01,00 02,00 01,02 01,02 01,02 02,02 02,02 05,03 05,04 05,04 05,04
10,04 10,04 10,04 06,05 06,06 02,02 02,01 02,02 01,02 01,02 02,05 01,05 03,01 03,03 03,02 04,03 04,02 04,02 01,00 01,01 01,02 02,02 02,02 02,01 02,01 06,02 06,03 10,04 10,04 10,04
07,04 07,04 07,04 07,05 07,06 07,07 02,02 02,02 01,02 02,02 02,01 01,04 01,05 03,02 03,01 03,02 03,03 01,00 02,00 02,01 02,01 02,01 01,02 01,02 07,01 07,02 07,03 07,04 07,04 07,04
01,02 01,02 02,02 08,05 08,06 07,06 07,07 02,01 02,01 02,01 02,02 02,01 11,10 04,02 04,03 04,02 04,03 12,12 01,02 02,01 01,02 02,01 01,02 08,00 08,01 08,02 08,03 02,02 02,02 01,02
02,01 01,02 02,01 02,02 08,05 08,06 08,07 08,08 01,02 01,02 01,02 02,02 12,10 04,02 04,02 04,00 03,03 11,12 01,02 02,01 01,02 02,01 08,00 08,01 08,02 08,03 01,02 01,02 02,02 02,01
01,02 02,02 01,02 02,01 01,02 09,06 10,04 09,08 01,02 01,02 02,02 02,01 11,10 03,02 03,03 03,03 03,02 12,12 01,02 02,02 02,02 02,01 09,00 10,04 09,02 02,02 02,01 01,02 02,02 02,01
02,02 02,01 02,02 02,02 01,02 09,06 10,04 09,08 02,01 02,02 02,02 02,02 11,10 04,02 04,03 04,03 04,02 12,12 01,02 02,01 02,01 02,02 09,00 10,04 09,02 01,02 01,02 02,02 02,01 02,02
01,02 02,02 02,01 01,02 02,02 10,06 10,04 10,08 02,02 02,01 01,02 01,02 12,10 04,03 03,02 03,03 04,03 11,12 02,02 01,02 01,02 01,02 10,00 10,04 10,02 01,02 02,01 02,02 02,01 01,02