00,00 00,00 00,00 00,00 00,00 03,12 03,13 00,00 00,00 00,00 00,00 00,00 00,00 00,00 00,00 00,00 00,00 00,00 00,00 00,00 00,00 00,00 00,00 03,07 03,08 00,00 00,00 00,00 00,00 00,00
00,00 00,00 00,00 00,00 05,01 04,12 04,13 00,00 00,00 00,00 00,00 00,00 00,00 00,00 00,00 00,00 00,00 00,00 00,00 00,00 00,00 00,00 00,00 04,07 04,08 05,01 00,00 00,00 00,00 00,00
00,00 00,00 00,00 00,00 05,11 05,12 05,13 00,00 00,00 00,00 00,00 00,00 00,00 00,00 00,00 00,00 00,00 00,00 00,00 00,00 00,00 00,00 00,00 05,07 05,08 05,09 00,00 00,00 00,00 00,00
00,00 00,00 05,01 05,11 06,11 06,12 06,13 00,00 00,00 00,00 00,00 00,00 00,00 00,00 00,00 00,00 00,00 00,00 00,00 00,00 00,00 00,00 00,00 06,07 06,08 06,09 05,09 05,01 00,00 00,00
06,10 06,10 06,10 06,11 07,11 07,12 00,00 00,00 00,00 00,00 00,00 00,00 00,00 00,00 00,00 00,00 00,00 00,00 00,00 00,00 00,00 00,00 00,00 00,00 07,08 07,09 06,09 06,10 06,10 06,10
07,10 07,10 07,10 07,11 08,11 00,00 00,00 00,00 00,00 00,00 00,00 00,00 00,00 00,00 00,00 00,00 00,00 00,00 00,00 00,00 00,00 00,00 00,00 00,00 00,00 08,09 07,09 07,10 07,10 07,10
08,10 08,10 08,10 08,11 00,00 00,00 00,00 00,00 00,00 00,00 00,00 00,00 00,00 00,00 00,00 00,00 00,00 00,00 00,00 00,00 00,00 00,00 00,00 00,00 00,00 00,00 08,09 08,10 08,10 08,10
00,00 00,00 00,00 00,00 00,00 00,00 00,00 00,00 00,00 00,00 00,00 00,00 00,00 00,00 00,00 00,00 00,00 00,00 00,00 00,00 00,00 00,00 00,00 00,00 00,00 00,00 00,00 00,00 00,00 00,00
00,00 00,00 00,00 00,00 00,00 00,00 00,00 00,00 00,00 00,00 00,00 00,00 00,00 00,00 00,00 00,00 00,00 00,00 00,00 00,00 00,00 00,00 00,00 00,00 00,00 00,00 00,00 00,00 00,00 00,00
00,00 00,00 00,00 00,00 00,00 00,00 00,00 00,00 00,00 00,00 00,00 00,00 00,00 00,00 00,00 00,00 00,00 00,00 00,00 00,00 00,00 00,00 00,00 00,00 00,00 00,00 00,00 00,00 00,00 00,00
00,00 00,00 00,00 00,00 00,00 00,00 00,00 00,00 00,00 03,04 03,05 00,00 00,00 00,00 00,00 00,00 00,00 00,00 00,00 03,04 03,05 00,00 00,00 00,00 00,00 00,00 00,00 00,00 00,00 00,00
00,00 00,00 00,00 00,00 00,00 00,00 00,00 00,00 00,00 04,04 04,05 00,00 00,00 00,00 00,00 00,00 00,00 00,00 00,00 04,04 04,05 00,00 00,00 00,00 00,00 00,00 00,00 00,00 00,00 00,00
00,00 00,00 00,00 00,00 00,00 00,00 00,00 00,00 00,00 00,00 00,00 00,00 00,00 00,00 00,00 00,00 00,00 00,00 00,00 00,00 00,00 00,00 00,00 00,00 00,00 00,00 00,00 00,00 00,00 00,00
00,00 00,00 00,00 00,00 00,00 00,00 00,00 00,00 00,00 00,00 00,00 00,00 00,00 00,00 00,00 00,00 00,00 00,00 00,00 00,00 00,00 00,00 00,00 00,00 00,00 00,00 00,00 00,00 00,00 00,00
00,00 00,00 00,00 00,00 00,00 00,00 00,00 00,00 00,00 00,00 00,00 00,00 00,00 00,00 03,04 03,05 00,00 00,00 00,00 00,00 00,00 00,00 00,00 00,00 00,00 00,00 00,00 00,00 00,00 00,00
00,00 00,00 00,00 00,00 00,00 00,00 00,00 00,00 00,00 00,00 00,00 00,00 00,00 00,00 04,04 04,05 00,00 00,00 00,00 00,00 00,00 00,00 00,00 00,00 00,00 00,00 00,00 00,00 00,00 00,00
00,00 00,00 00,00 00,00 00,00 00,00 00,00 00,00 00,00 00,00 00,00 00,00 00,00 00,00 00,00 00,00 00,00 00,00 00,00 00,00 00,00 00,00 00,00 00,00 00,00 00,00 00,00 00,00 00,00 00,00
00,00 00,00 00,00 00,00 00,00 00,00 00,00 00,00 00,00 00,00 00,00 00,00 00,00 00,00 00,00 00,00 00,00 00,00 00,00 00,00 00,00 00,00 00,00 00,00 00,00 00,00 00,00 00,00 00,00 00,00
00,00 00,00 00,00 00,00 00,00 00,00 00,00 00,00 00,00 03,04 03,05 00,00 00,00 00,00 00,00 00,00 00,00 00,00 00,00 03,04 03,05 00,00 00,00 00,00 00,00 00,00 00,00 00,00 00,00 00,00
00,00 00,00 00,00 00,00 00,00 00,00 00,00 00,00 00,00 04,04 04,05 00,00 00,00 00,00 00,00 00,00 00,00 00,00 00,00 04,04 04,05 00,00 00,00 00,00 00,00 00,00 00,00 00,00 00,00 00,00
00,00 00,00 00,00 00,00 00,00 00,00 00,00 00,00 00,00 00,00 00,00 00,00 00,00 00,00 00,00 00,00 00,00 00,00 00,00 00,00 00,00 00,00 00,00 00,00 00,00 00,00 00,00 00,00 00,00 00,00
00,00 00,00 00,00 00,00 00,00 00,00 00,00 00,00 00,00 00,00 00,00 00,00 00,00 00,00 00,00 00,00 00,00 00,00 00,00 00,00 00,00 00,00 00,00 00,00 00,00 00,00 00,00 00,00 00,00 00,00
00,00 00,00 00,00 00,00 00,00 00,00 00,00 00,00 00,00 00,00 00,00 00,00 00,00 00,00 00,00 00,00 00,00 00,00 00,00 00,00 00,00 00,00 00,00 00,00 00,00 00,00 00,00 00,00 00,00 00,00
00,10 00,10 00,10 00,11 00,00 00,00 00,00 00,00 00,00 00,00 00,00 00,00 00,00 00,00 00,00 00,00 00,00 00,00 00,00 00,00 00,00 00,00 00,00 00,00 00,00 00,00 00,09 00,10 00,10 00,10
01,10 01,10 01,10 01,11 01,12 00,00 00,00 00,00 00,00 00,00 00,00 00,00 00,00 00,00 00,00 00,00 00,00 00,00 00,00 00,00 00,00 00,00 00,00 00,00 00,00 01,08 01,09 01,10 01,10 01,10
00,00 00,00 05,01 02,11 02,12 01,12 00,00 00,00 00,00 00,00 00,00 00,00 00,00 00,00 00,00 00,00 00,00 00,00 00,00 00,00 00,00 00,00 00,00 00,00 00,09 02,08 02,09 05,01 00,00 00,00
00,00 00,00 00,00 00,00 02,11 02,12 02,13 00,00 00,00 00,00 00,00 00,00 00,00 00,00 00,00 00,00 00,00 00,00 00,00 00,00 00,00 00,00 00,00 02,07 02,08 02,09 00,00 00,00 00,00 00,00
00,00 00,00 00,00 00,00 05,01 03,12 03,13 00,00 00,00 00,00 00,00 00,00 00,00 00,00 00,00 00,00 00,00 00,00 00,00 00,00 00,00 00,00 00,00 03,07 03,08 05,01 00,00 00,00 00,00 00,00
00,00 00,00 00,00 00,00 00,00 03,12 03,13 00,00 00,00 00,00 00,00 00,00 00,00 00,00 00,00 00,00 00,00 00,00 00,00 00,00 00,00 00,00 00,00 03,07 03,08 00,00 00,00 00,00 00,00 00,00
00,00 00,00 00,00 00,00 00,00 04,12 04,13 00,00 00,00 00,00 00,00 00,00 00,00 00,00 00,00 00,00 00,00 00,00 00,00 00,00 00,00 00,00 00,00 04,07 04,08 00,00 00,00 00,00 00,00 00,00